217743109;1103391918;1103391739;
217743109;1103391739;1103392022;
217743109;1103392022;1103391990;
217743109;1103391990;353206399;
26165024;3051503883;286512229;
26165024;286512229;1458197961;
26166383;331233434;331245887;
26166383;331245887;3393841703;
26166383;3393841703;331245885;
26166383;331245885;331245227;
26166381;1234828462;1234663760;
26166381;1234663760;1930164776;
26166381;1930164776;1234663772;
26166381;1234663772;1930164846;
26166381;1930164846;1930164786;
26166381;1930164786;1930164835;
26166381;1930164835;1930164819;
26166381;1930164819;1930164855;
26166381;1930164855;1930164771;
26166381;1930164771;1930164793;
26166381;1930164793;1930164848;
26166381;1930164848;1930164854;
26166381;1930164854;1930164781;
30072465;331233423;3393840390;
30072465;3393840390;3393840389;
30072465;3393840389;331233424;
30072465;331233424;331233425;
30072465;331233425;331233427;
30072465;331233427;331233428;
30072465;331233428;3393841696;
30072465;3393841696;331233430;
30072465;331233430;331245225;
30072465;331245225;331245226;
30072465;331245226;3393841698;
30072465;3393841698;331245227;
30072465;331245227;331245229;
30072465;331245229;3222062731;
30072465;3222062731;331245230;
30072465;331245230;3222062729;
30072465;3222062729;331245231;
30072465;331245231;331233423;
30073116;331242925;331242923;
30073116;331242923;331242921;
30073116;331242921;331241396;
30073116;331241396;331241395;
30073116;331241395;331241394;
30073116;331241394;2352572295;
30073116;2352572295;331241393;
30073413;331242905;331242927;
30073413;331242927;331242929;
30073413;331242929;331242925;
30073416;331242925;331242931;
30073416;331242931;331242908;
30073411;331242900;1408523681;
30073411;1408523681;331242902;
30073411;331242902;331242903;
30073411;331242903;331242904;
30073411;331242904;1408523682;
30073411;1408523682;331242905;
30073411;331242905;1408523684;
30073411;1408523684;331242907;
30073411;331242907;1408523680;
30073411;1408523680;331242908;
30073411;331242908;331242910;
30073411;331242910;331242913;
30073411;331242913;331242914;
30073411;331242914;1408523679;
30073411;1408523679;331242916;
30073411;331242916;1408523683;
30073411;1408523683;331242900;
30073739;331245227;286528375;
30073739;286528375;286528377;
30073739;286528377;3393841699;
30073739;3393841699;286528378;
30073739;286528378;331247387;
30073739;331247387;331247376;
30073925;331248293;331248295;
30073925;331248295;331242916;
30073741;331245894;3082837250;
30073741;3082837250;331245896;
30073741;331245896;331245898;
30073741;331245898;493411777;
30073741;493411777;331245899;
30073741;331245899;331247389;
30073741;331247389;331247378;
31727383;354973486;354973483;
40624734;1234828451;493429355;
40624734;493429355;1234663698;
40624734;1234663698;2335751358;
40624734;2335751358;2335751354;
37607411;440825638;440825639;
37607411;440825639;736938426;
37607411;736938426;736938430;
37607411;736938430;440825652;
37607411;440825652;440825653;
37607418;440825643;2802003696;
37607418;2802003696;2802003697;
37607418;2802003697;440825656;
37607419;440825656;2802003694;
37607419;2802003694;2802003693;
37607419;2802003693;440825651;
37607407;440825630;3393851504;
37607407;3393851504;2802024230;
37607407;2802024230;2802024232;
37607407;2802024232;2802024233;
37607407;2802024233;302680236;
59428487;736938430;736938429;
59428487;736938429;736938428;
59428487;736938428;736938427;
59428487;736938427;736938426;
59428967;736942443;736942446;
59428967;736942446;736942445;
26166380;286528407;286528400;
26166380;286528400;1930164842;
26166380;1930164842;2827716872;
26166380;2827716872;286528401;
26166380;286528401;3238047371;
26166380;3238047371;3238047372;
26166380;3238047372;286528402;
31281096;331242902;2696780844;
31281096;2696780844;348036219;
31281096;348036219;1109621726;
31281096;1109621726;348036222;
31281096;348036222;348036224;
31281096;348036224;348036226;
31281096;348036226;3331942281;
31281096;3331942281;348036227;
31281096;348036227;348036228;
31281096;348036228;3331942280;
31281096;3331942280;348036229;
31281096;348036229;1214152693;
31281096;1214152693;348036230;
30076674;331278589;3331942285;
30076674;3331942285;331278590;
30076674;331278590;331278591;
30076674;331278591;3331942283;
30076674;3331942283;331278592;
30076674;331278592;3331942282;
30076674;3331942282;331278593;
30076674;331278593;331278594;
30076674;331278594;331278595;
30076674;331278595;1109621753;
30076674;1109621753;2352572232;
30076674;2352572232;331278599;
30076674;331278599;2696780843;
30076674;2696780843;2696780845;
30076674;2696780845;1408523682;
31565739;68906379;68906398;
31565739;68906398;68906406;
31565739;68906406;68906411;
31565739;68906411;68906416;
31565739;68906416;331278589;
31565739;331278589;348036230;
31565739;348036230;68906476;
31565739;68906476;68906516;
31565739;68906516;68906538;
31565739;68906538;68906552;
31565739;68906552;68906561;
31565739;68906561;68906569;
31565739;68906569;68906576;
31565739;68906576;68906586;
31565739;68906586;68906594;
31565739;68906594;68906600;
31565739;68906600;68906608;
31565739;68906608;68906617;
31565739;68906617;68906627;
31565739;68906627;68906635;
31565739;68906635;68906643;
31565739;68906643;68906667;
31565739;68906667;68906676;
31565739;68906676;68906684;
31565739;68906684;68906693;
31565739;68906693;68906699;
31565739;68906699;68906704;
31565739;68906704;68906714;
31565739;68906714;68906726;
31565739;68906726;68906737;
31565739;68906737;68906747;
31565739;68906747;68906758;
31565739;68906758;68906766;
31565739;68906766;68906773;
31565739;68906773;68906785;
31565739;68906785;68906797;
31565739;68906797;68906806;
31565739;68906806;68906825;
31565739;68906825;68906829;
31565739;68906829;68906836;
31565739;68906836;68906841;
31565739;68906841;68906847;
31565739;68906847;68906853;
31565739;68906853;68906859;
31565739;68906859;68906866;
31565739;68906866;68906943;
31565739;68906943;68906986;
31565739;68906986;68906990;
31565739;68906990;68906994;
31565739;68906994;68907002;
31565739;68907002;68907008;
31565739;68907008;68907011;
31565739;68907011;68907016;
31565739;68907016;68907023;
31565739;68907023;68907029;
31565739;68907029;68907040;
31565739;68907040;68907050;
31565739;68907050;68907059;
31565739;68907059;68907063;
31565739;68907063;68907069;
31565739;68907069;68907177;
31565739;68907177;68907223;
31565739;68907223;68907237;
31565739;68907237;68907249;
31565739;68907249;68907257;
31565739;68907257;68907269;
31565739;68907269;68907283;
31565739;68907283;2438928288;
37607404;349111061;3393851499;
37607404;3393851499;349111574;
37607405;302680234;2802024223;
37607405;2802024223;440825625;
37607401;440825626;2802024231;
37607401;2802024231;440825636;
37607400;440825627;2802024225;
37607400;2802024225;349111061;
37607413;440825642;2802003690;
37607413;2802003690;2802003689;
37607413;2802003689;2802003687;
37607413;2802003687;440825653;
37607414;440825653;2802003688;
37607414;2802003688;2802003691;
37607414;2802003691;440825647;
37607403;440825636;440825637;
37607412;440825644;440825648;
37607412;440825648;440825642;
37607412;440825642;440825646;
37607412;440825646;736298816;
37607412;736298816;440825647;
37607412;440825647;440825640;
37607412;440825640;3001185040;
37607412;3001185040;440825650;
37607412;440825650;440825641;
37607412;440825641;440825649;
37607412;440825649;440825643;
37607412;440825643;2802003695;
37607412;2802003695;440825645;
37607412;440825645;2802003692;
37607412;2802003692;440825651;
37607412;440825651;736298811;
37607412;736298811;440825644;
37607406;2802024227;3393851500;
37607406;3393851500;3393851496;
37607406;3393851496;302680234;
37607402;440825636;2802024229;
37607402;2802024229;440825631;
37607416;440825640;2802003699;
37607416;2802003699;3001185041;
37607416;3001185041;3191636072;
37607416;3191636072;3001185043;
37607416;3001185043;3001193076;
37607416;3001193076;3001185049;
37607416;3001185049;3191598912;
37607416;3191598912;3001185052;
37607416;3001185052;3001185053;
37607416;3001185053;3191598917;
37607416;3191598917;3001185055;
37607416;3001185055;3001185056;
37607416;3001185056;3001185057;
37607416;3001185057;3191598932;
37607416;3191598932;3191598937;
37607416;3191598937;3191598941;
37607416;3191598941;3191598943;
37607416;3191598943;3191598944;
37607416;3191598944;3191598946;
37607416;3191598946;3191598950;
37607416;3191598950;3191598956;
37607416;3191598956;3191599376;
37607416;3191599376;3191599401;
37607416;3191599401;3191599402;
37607416;3191599402;3191599403;
37607416;3191599403;3191599404;
37607416;3191599404;3191599405;
37607416;3191599405;3191617454;
37607416;3191617454;3191599406;
37607416;3191599406;3191599407;
37607416;3191599407;3191575611;
37607416;3191575611;736298826;
106703310;1227279918;1227275860;
106703310;1227275860;1227284251;
106703310;1227284251;1227282896;
106703310;1227282896;1227281119;
106703310;1227281119;1227283883;
106703310;1227283883;1227282572;
106703310;1227282572;1227280692;
106703310;1227280692;1227278784;
106703310;1227278784;1227279677;
106703310;1227279677;1227277562;
106703310;1227277562;1227276362;
106703310;1227276362;1227284862;
106703310;1227284862;1227281626;
106703310;1227281626;1227279793;
106703288;1227275964;2993797304;
106703288;2993797304;2341298406;
106703288;2341298406;1227284397;
106703298;1227280795;1227279322;
106703298;1227279322;1227277198;
106703298;1227277198;1227276230;
106703298;1227276230;1227282997;
106703298;1227282997;1227281268;
106703298;1227281268;1227279417;
106703298;1227279417;1227277300;
106703298;1227277300;1227278264;
106703298;1227278264;1227276504;
106703298;1227276504;1227275943;
106703298;1227275943;1227284348;
106703298;1227284348;1227280390;
106703298;1227280390;1227278375;
106703298;1227278375;1227276543;
106703298;1227276543;1227275960;
106703298;1227275960;1227276254;
106703298;1227276254;1227284794;
106703298;1227284794;1227283547;
106703298;1227283547;1227282252;
106703298;1227282252;1227276080;
106703298;1227276080;1227284668;
106703298;1227284668;1227283270;
106703298;1227283270;1227281753;
106703298;1227281753;1227282713;
106703298;1227282713;1227280777;
106703298;1227280777;1227278879;
106703298;1227278879;1227276901;
106703298;1227276901;1227284104;
106703298;1227284104;1227282821;
106703298;1227282821;1227280928;
106703298;1227280928;1227279054;
106703298;1227279054;1227279918;
106703298;1227279918;1227277805;
106703298;1227277805;1227276417;
106703298;1227276417;1227275836;
106703298;1227275836;1227281948;
106703298;1227281948;1227280057;
106703298;1227280057;1227277996;
106703298;1227277996;1227276454;
106703298;1227276454;1227276967;
106703298;1227276967;1227276121;
106703298;1227276121;1227284697;
106703298;1227284697;3050260781;
106703298;3050260781;1227283357;
106703298;1227283357;3050260782;
106703298;3050260782;1227279213;
106703298;1227279213;3050260783;
106703298;3050260783;1227277094;
106703298;1227277094;2352572274;
106703298;2352572274;1227276156;
106703298;1227276156;331248270;
106703296;1227276368;1227283259;
30073668;331233430;331233431;
30073668;331233431;3393841702;
30073668;3393841702;331233432;
30073668;331233432;331233434;
48288528;2426956528;613536299;
48288528;613536299;613536297;
48288528;613536297;613536315;
48288528;613536315;613536314;
48288528;613536314;613536313;
48288528;613536313;613536311;
48288528;613536311;613536309;
48288528;613536309;2426956601;
48288528;2426956601;613536335;
48288528;613536335;613536333;
48288528;613536333;2426956636;
48288528;2426956636;613536331;
48288528;613536331;613536327;
48288528;613536327;613536326;
48288528;613536326;2426956649;
48288528;2426956649;613536325;
48288528;613536325;613536324;
48288528;613536324;613536322;
48288528;613536322;613536321;
48288528;613536321;1227276321;
48288528;1227276321;613536343;
48288528;613536343;613536342;
48288528;613536342;613536340;
48288528;613536340;613536339;
48288528;613536339;613536337;
107445365;1234828419;1234828451;
107445361;1234828466;1859067635;
107445361;1859067635;1234828413;
107445364;1234663698;1941267641;
107445368;1234828462;1234828419;
107542082;1234828462;1234828451;
95112383;1859973022;1859973024;
95112383;1859973024;1103391923;
95112383;1103391923;1103391954;
95112383;1103391954;1103391989;
95112383;1103391989;1103391706;
95112383;1103391706;1103391735;
95112383;1103391735;1103391713;
95112383;1103391713;1103391711;
95112383;1103391711;1103391420;
95112383;1103391420;1103391673;
95112383;1103391673;1103391613;
95112383;1103391613;1103391936;
95112383;1103391936;1103391541;
95112383;1103391541;1103391536;
95112383;1103391536;1103391488;
95112383;1103391488;1103391969;
95112383;1103391969;1103392038;
95112383;1103392038;1103391875;
95112383;1103391875;1103391876;
95112383;1103391876;1103391884;
95112383;1103391884;1103391838;
95112383;1103391838;1103391860;
95112383;1103391860;1103391617;
95112383;1103391617;1103391462;
145558211;1103391918;1589527854;
145558211;1589527854;1589527951;
145558211;1589527951;1589527901;
145558211;1589527901;1589527785;
145558211;1589527785;1589527800;
145558211;1589527800;1589527802;
145558211;1589527802;1589528087;
30073926;331242910;331248298;
30073926;331248298;331248293;
151297121;3051508802;1641177820;
151297121;1641177820;1641177822;
151297121;1641177822;2352545166;
151297121;2352545166;1641177824;
151297121;1641177824;1641177826;
151297121;1641177826;1641177828;
151297121;1641177828;1641177830;
151297121;1641177830;2352545161;
151297121;2352545161;2352545173;
151297121;2352545173;2446550231;
151297121;2446550231;2352545163;
151297121;2352545163;2352545171;
151297121;2352545171;2352545169;
151297121;2352545169;2352545168;
151297121;2352545168;1930180222;
134809120;1458197961;3054060367;
134809120;3054060367;2352545157;
134809120;2352545157;1481520653;
134809131;1227284617;1481520647;
134809131;1481520647;1481520646;
134809131;1481520646;1481520644;
134809131;1481520644;1481520643;
134809131;1481520643;1859067386;
134809131;1859067386;1481520642;
134809132;1481520608;1481520611;
134809132;1481520611;1481520625;
134809132;1481520625;1481520632;
134809132;1481520632;2358444359;
134809132;2358444359;1481520636;
134809132;1481520636;1234828436;
106703308;1227283045;3191545031;
106703308;3191545031;1227281340;
106703308;1227281340;2341298368;
106703308;2341298368;1227279507;
106703308;1227279507;1227277400;
106703308;1227277400;1227284459;
106703308;1227284459;493416298;
106703308;493416298;1227275877;
106703308;1227275877;1227284397;
106703308;1227284397;1227284705;
106703308;1227284705;1227283374;
106703308;1227283374;3050275875;
106703308;3050275875;1227279638;
106703308;1227279638;1227277509;
106703308;1227277509;2993797291;
106703308;2993797291;1227276024;
106703308;1227276024;1227283136;
106703308;1227283136;1227283259;
106703308;1227283259;1227275964;
106703308;1227275964;2341298472;
106703308;2341298472;1227276060;
106703308;1227276060;1227284560;
106703308;1227284560;1227283791;
106703308;1227283791;1227282511;
106703308;1227282511;1227276368;
106703308;1227276368;1227275688;
106703308;1227275688;1227283948;
106703308;1227283948;1227280758;
106703308;1227280758;1227279746;
158787346;1709239487;2358444421;
158787346;2358444421;1709239502;
107445360;1709239537;1227282281;
107445360;1227282281;2597667075;
107445360;2597667075;2597667079;
107445360;2597667079;493383672;
107445366;1709239536;1234828435;
107445366;1234828435;1234828453;
107445366;1234828453;2323759548;
107445366;2323759548;1234828437;
107445366;1234828437;1234828446;
107445366;1234828446;2687623466;
107445366;2687623466;1234828427;
158787342;1709239505;1709239510;
158787342;1709239510;1709239515;
158787342;1709239515;1709239517;
158787342;1709239517;1709239524;
158787342;1709239524;1709239532;
158787342;1709239532;1709239527;
158787342;1709239527;1709239518;
158787342;1709239518;1709239516;
158787342;1709239516;1709239512;
158787342;1709239512;1709239507;
158787342;1709239507;1709239502;
158787342;1709239502;1709239495;
158787342;1709239495;1709239490;
158787342;1709239490;1709239493;
158787342;1709239493;1709239500;
158787342;1709239500;1709239505;
158787343;1709239577;1709239567;
158787344;493416298;1709239487;
158787345;1709239532;1270506901;
158787349;1709239530;1709239517;
158787350;1709239490;1709239485;
158787351;1709239485;1709239500;
158787354;354973492;354973494;
158787355;1709239510;1709239530;
158787356;1270506901;1709239516;
158787358;1709239512;1709239487;
158787359;1709239530;1709239539;
158787359;1709239539;1709239556;
158787359;1709239556;1709239555;
158787359;1709239555;1709239551;
158787361;1709239578;1709239586;
158787361;1709239586;1709239589;
158787361;1709239589;1709239583;
158787361;1709239583;1709239580;
158787361;1709239580;1709239579;
158787362;331245896;1709239578;
158787362;1709239578;1709239579;
158787362;1709239579;1709239576;
158787362;1709239576;1709239565;
158787362;1709239565;1709239567;
158787362;1709239567;493394103;
158787365;1709239537;1709239540;
158787365;1709239540;1709239553;
158787365;1709239553;1709239554;
158787365;1709239554;1709239551;
158787365;1709239551;1709239538;
158787365;1709239538;1709239536;
158787365;1709239536;1709239534;
158787365;1709239534;1709239537;
107445362;1234828427;1234828436;
107445362;1234828436;1709239485;
158787369;331232114;3082822157;
158787369;3082822157;1270506900;
158787369;1270506900;1270506896;
158787369;1270506896;1270506894;
158787369;1270506894;1270506899;
158787369;1270506899;1270506898;
158787369;1270506898;1270506897;
158787369;1270506897;1270506895;
158787369;1270506895;1270506901;
31727384;331232117;354973492;
31727384;354973492;1709239562;
31727384;1709239562;1709239560;
31727384;1709239560;1709239559;
31727384;1709239559;1709239558;
31727384;1709239558;1709239553;
30072332;331232114;1930164812;
30072332;1930164812;331232116;
30072332;331232116;331232117;
30072332;331232117;331232118;
30072332;331232118;1930164851;
30072332;1930164851;331232119;
30072332;331232119;331232121;
30072332;331232121;1930164834;
30072332;1930164834;331232122;
158787341;493389208;1930164818;
158787341;1930164818;1458197404;
158787341;1458197404;493430582;
158787341;493430582;1709239591;
158787341;1709239591;1709239594;
158787341;1709239594;1709239599;
158787341;1709239599;1709239600;
158787341;1709239600;1709239602;
158787341;1709239602;1709239604;
158787341;1709239604;1709239607;
158787341;1709239607;1709239609;
158787341;1709239609;1709239611;
158787341;1709239611;1930164823;
158787341;1930164823;1709239618;
158787341;1709239618;1709239620;
158787341;1709239620;1709239621;
158787341;1709239621;1234828419;
37607410;440825637;440825638;
165330049;1112862113;1768815562;
165330049;1768815562;2210908307;
165330049;2210908307;1768815570;
165330049;1768815570;1112862027;
165330669;1112862043;2270439663;
165330669;2270439663;1768823088;
165330669;1768823088;1768823089;
165330669;1768823089;1768823090;
165330669;1768823090;1768823091;
165330669;1768823091;1589528087;
182656223;1930164850;1930164863;
182656223;1930164863;1930164847;
182656223;1930164847;1930164779;
182656223;1930164779;1930164853;
182656235;354973486;354973489;
182656235;354973489;1930164850;
182656235;1930164850;1930164838;
182656235;1930164838;302680258;
182656233;1941267585;3001144106;
182656233;3001144106;1930164849;
182656233;1930164849;1930164805;
182656242;1930164812;1930164816;
182656242;1930164816;1930164789;
182656242;1930164789;3050277359;
182656242;3050277359;1930164824;
182656242;1930164824;1930164836;
182656242;1930164836;1930164839;
182656242;1930164839;1930164841;
182656230;1930164851;3050279921;
182656230;3050279921;1930164821;
182656230;1930164821;1930164817;
182656230;1930164817;1930164844;
182656230;1930164844;1930164831;
182656237;1930164823;3065011057;
182656237;3065011057;1930164776;
182658004;493367646;1641177816;
182658004;1641177816;3051500311;
182658004;3051500311;1641177818;
182656226;1930164778;1930225888;
182659687;1112862109;1112862113;
182659687;1112862113;1112862062;
182659687;1112862062;1112862098;
182659687;1112862098;2358415607;
182659687;2358415607;1112862050;
182659687;1112862050;1112862040;
182659687;1112862040;1112862107;
182659687;1112862107;1112862124;
182659687;1112862124;1112862070;
182659685;1930225891;1481520653;
182659685;1481520653;1481520654;
182659685;1481520654;3054060607;
182659685;3054060607;3054060608;
182656234;1930225888;1930225871;
182656234;1930225871;1908537432;
182659688;1930225920;1930225860;
182659688;1930225860;1930225896;
96046932;3191599402;1112862129;
96046932;1112862129;3191617440;
96046932;3191617440;3191617436;
96046932;3191617436;1112862092;
182659683;1930225886;1930225920;
182659683;1930225920;3203082467;
183713950;331248248;1941267622;
183713950;1941267622;1941267624;
183713950;1941267624;1941267631;
183713950;1941267631;1941267634;
183713950;1941267634;1941267643;
183713950;1941267643;331248256;
183713951;331248256;331248255;
183713951;331248255;1941267636;
183713951;1941267636;331248253;
183713951;331248253;1941267627;
183713951;1941267627;331248251;
183713951;331248251;331248248;
183714003;1941267636;1941267637;
183714004;1234663757;1941267627;
183714020;1941267641;1234663757;
183714020;1234663757;1234663768;
183714020;1234663768;331248253;
183714020;331248253;1941267631;
183714025;1941267624;1941267626;
183714025;1941267626;1941267629;
183714025;1941267629;331248253;
183714025;331248253;1941267632;
183714025;1941267632;1941267637;
183714025;1941267637;1941267641;
30073740;331233434;331245889;
30073740;331245889;331245894;
30073740;331245894;2597667083;
30073740;2597667083;331248235;
30073740;331248235;331248237;
30073740;331248237;331248241;
30073740;331248241;331248243;
30073740;331248243;331248245;
30073740;331248245;331248248;
180406704;1908537453;1908537435;
180406704;1908537435;1908537432;
182656238;1930164842;1930164849;
182656243;354973489;2802024236;
182656243;2802024236;286528410;
182656243;286528410;1908537453;
182656243;1908537453;354973483;
182656243;354973483;286528417;
182656243;286528417;286528416;
182656243;286528416;331232114;
182658344;493429341;493429339;
182658344;493429339;353206396;
151297125;493429341;1768480053;
151297125;1768480053;1641177832;
151297125;1641177832;1768480050;
151297125;1768480050;3082809082;
151297125;3082809082;1641177833;
134809124;493430582;1481520652;
134809124;1481520652;3082837089;
134809124;3082837089;1481520651;
134809124;1481520651;1941267588;
134809124;1941267588;1481520649;
182659682;1458197961;286512247;
182659682;286512247;3051508802;
182659682;3051508802;286512250;
182659682;286512250;286512252;
182659682;286512252;286512258;
182659682;286512258;286512260;
175292321;1859067408;2478072568;
175292321;2478072568;2478072455;
175292321;2478072455;1859067598;
175292329;1859067451;1859067512;
175292329;1859067512;1859067339;
175292329;1859067339;1859067587;
175292329;1859067587;1859067402;
175292329;1859067402;3050324133;
175292329;3050324133;1859067367;
175292329;1859067367;1859067369;
175292329;1859067369;1859067342;
175292329;1859067342;1859067486;
175292313;1859067350;1859067556;
175292313;1859067556;1859067554;
175292313;1859067554;1859067589;
175292316;1859067408;1859067597;
175292316;1859067597;1859067542;
175292316;1859067542;1859067337;
175292316;1859067337;1859067578;
175292316;1859067578;1859067559;
175292316;1859067559;1859067482;
175292316;1859067482;1859067582;
175292318;1859067529;1859067406;
175292318;1859067406;1859067518;
175292318;1859067518;1859067330;
175292318;1859067330;1859067343;
175292318;1859067343;1859067425;
175292319;1859067435;1859067465;
175292319;1859067465;1859067363;
175292320;1859067554;1859067386;
175292324;1859067506;1859067516;
175292324;1859067516;1859067392;
175292324;1859067392;1859067594;
175292324;1859067594;1859067371;
175292324;1859067371;1859067534;
175292324;1859067534;1859067419;
175292324;1859067419;1859067408;
175292325;1859067420;1859067590;
175292325;1859067590;1859067587;
175292327;1859067447;1859067616;
175292330;1859067408;1859067478;
175292330;1859067478;1859067557;
175292330;1859067557;1859067425;
175292330;1859067425;1859067527;
175292330;1859067527;1859067601;
175292330;1859067601;1859067522;
175292330;1859067522;1859067378;
175292330;1859067378;1859067447;
175292330;1859067447;1859067520;
223476782;2323759547;2323759546;
223476782;2323759546;2323759550;
223476782;2323759550;2323759548;
223937159;2335750703;2335751274;
223937159;2335751274;2327796067;
223937159;2327796067;2327796089;
223937159;2327796089;2327795961;
223937159;2327795961;2327796136;
223937159;2327796136;2327796114;
223937159;2327796114;2327795966;
223937159;2327795966;2327796024;
223937159;2327796024;2327796017;
223937159;2327796017;2327795998;
223937159;2327795998;2327795877;
223937159;2327795877;2327796101;
223937159;2327796101;2327795845;
223937159;2327795845;2327796007;
223937159;2327796007;2327796051;
223937159;2327796051;2327796103;
223937159;2327796103;2327796047;
223937159;2327796047;2327796010;
223937159;2327796010;2327795999;
223937159;2327795999;2327795931;
223937159;2327795931;2327795879;
223937159;2327795879;2327795948;
223937159;2327795948;2327795852;
223937159;2327795852;2327795970;
223937159;2327795970;2327796141;
224769850;2335751194;2335751195;
224769850;2335751195;2335751269;
224769850;2335751269;2335751443;
224769850;2335751443;2335751460;
224769850;2335751460;2335751473;
224769850;2335751473;2335751419;
224769850;2335751419;2335751251;
224769850;2335751251;2335751214;
224769850;2335751214;2335751168;
224769850;2335751168;2335751153;
224769850;2335751153;2335751138;
224769850;2335751138;2335751130;
224769850;2335751130;2335750732;
224769850;2335750732;2335750706;
224769850;2335750706;2335750627;
224769850;2335750627;2335750591;
224769850;2335750591;2335751064;
224769850;2335751064;2335751373;
224769850;2335751373;2335750964;
224769850;2335750964;2335750977;
224769859;1930166440;2335750755;
224769859;2335750755;2335750766;
224769859;2335750766;2335750979;
224769859;2335750979;2335751379;
224769859;2335751379;2335751230;
224769859;2335751230;2335751026;
224769859;2335751026;2335750719;
224769859;2335750719;2335751339;
224769859;2335751339;2335751369;
224769859;2335751369;2335750617;
224769859;2335750617;2335751337;
224769859;2335751337;2335751371;
224769859;2335751371;2335751385;
224769859;2335751385;2335751228;
224769859;2335751228;2335750577;
224769859;2335750577;2335750601;
224769859;2335750601;2335750660;
224769859;2335750660;2335750583;
224769859;2335750583;2335750581;
224769859;2335750581;2335750721;
224769859;2335750721;2335750753;
224769859;2335750753;2335750738;
224769859;2335750738;2335750751;
224769859;2335750751;2335750767;
224769859;2335750767;2335750775;
224769859;2335750775;2335750782;
224769859;2335750782;2335750827;
224769859;2335750827;2335750829;
224769859;2335750829;2335750823;
224769859;2335750823;2335751216;
224769859;2335751216;2335751352;
224769859;2335751352;1234663698;
182659690;286528402;286528411;
182659690;286528411;493370201;
182659690;493370201;1941267587;
182659690;1941267587;1234663753;
182659690;1234663753;3001144112;
182659690;3001144112;1941267585;
182659690;1941267585;2827716870;
182659690;2827716870;3001144098;
182659690;3001144098;2827716869;
182659690;2827716869;2827716868;
182659690;2827716868;2827716867;
182659690;2827716867;493417974;
224930766;2337710793;2337710803;
224930766;2337710803;2337710779;
224930770;2335751354;2337710787;
224930770;2337710787;2337710760;
224930770;2337710760;2337710807;
224930770;2337710807;2337710791;
224930770;2337710791;2337710764;
224930770;2337710764;2337710805;
225340235;2341298364;2341298410;
225340235;2341298410;2341298450;
225340235;2341298450;2341298420;
225340241;2341298380;2341298416;
225340241;2341298416;2341298406;
225340255;2341298501;2341298380;
225340255;2341298380;2341298472;
225340258;2341298368;2341298432;
225340258;2341298432;2341298508;
225340258;2341298508;2341298390;
225340258;2341298390;2341298384;
225340258;2341298384;2341298381;
225340258;2341298381;2341298449;
225340258;2341298449;2341298437;
225340258;2341298437;2341298477;
225340239;2341298359;2352547753;
225340239;2352547753;2341298438;
225340239;2341298438;2341298373;
225340239;2341298373;2341298503;
225340239;2341298503;2341298505;
225340238;2341298492;2352547752;
225340238;2352547752;2341298362;
225340238;2341298362;2341298400;
225340238;2341298400;2341298444;
225340253;2358415548;2358415561;
225340253;2358415561;2358415533;
225340253;2358415533;2358415485;
225340253;2358415485;2358415540;
225340253;2358415540;2341298425;
225340253;2341298425;2341298516;
225340253;2341298516;2358415670;
225340253;2358415670;2341298430;
225340253;2341298430;2210908274;
226425686;2352535004;2352534988;
226425687;2352534988;2106436840;
226425687;2106436840;2106436839;
226425687;2106436839;2106436838;
226425687;2106436838;2106436837;
226425687;2106436837;2106436836;
226425687;2106436836;2106436835;
226425687;2106436835;2106436834;
226425687;2106436834;2106436833;
226425687;2106436833;2106436832;
226425687;2106436832;2106436831;
226425687;2106436831;2106436830;
226425687;2106436830;2106436829;
226425687;2106436829;2106436828;
226425687;2106436828;2106436827;
226425687;2106436827;2106436826;
226425687;2106436826;2106436825;
226425687;2106436825;2106436824;
226425687;2106436824;2106436823;
226425687;2106436823;2106436822;
226425687;2106436822;2106436821;
226425687;2106436821;2106436820;
226425687;2106436820;2106436819;
226425687;2106436819;2106436818;
226425687;2106436818;2106436817;
226425687;2106436817;2106436816;
226425687;2106436816;2106436814;
226425687;2106436814;2106436812;
226425687;2106436812;2106436810;
226425687;2106436810;2106436808;
226425687;2106436808;2106436805;
226425687;2106436805;2106436803;
226425687;2106436803;2106436801;
226425687;2106436801;2106436798;
226425687;2106436798;2106436796;
226425687;2106436796;2106436795;
226425687;2106436795;2106436791;
226426733;2352545174;2352545160;
182659686;1930225883;1930225877;
182659686;1930225877;1930225923;
182659686;1930225923;1930225918;
182659686;1930225918;1930225863;
182659686;1930225863;1930225864;
182659686;1930225864;1930225899;
182659686;1930225899;1930225894;
182659686;1930225894;1930225880;
182659686;1930225880;1930225867;
182659686;1930225867;1930225874;
182656225;3082833618;1930164820;
182656225;1930164820;1930164785;
182656225;1930164785;1930164825;
182656225;1930164825;1930164784;
182656225;1930164784;1930164845;
182656225;1930164845;1930164840;
182656225;1930164840;1941267588;
182656225;1941267588;1930225883;
182656225;1930225883;2352545160;
182656225;2352545160;1930225891;
182656225;1930225891;1930164843;
182656225;1930164843;1930164814;
226427071;2352547753;2352547754;
226429170;2352563548;2352563550;
226429172;2341298505;2352563538;
226429173;1930166439;2023316356;
226429174;2352563573;2352563565;
226429171;2392867133;2352563572;
226429171;2352563572;2352563540;
226429171;2352563540;2352563553;
226429171;2352563553;2352563552;
226429171;2352563552;2352563551;
226429171;2352563551;2358415490;
226429171;2358415490;2352563545;
226429171;2352563545;2352563562;
226429171;2352563562;2352563539;
226429171;2352563539;2352563558;
226429171;2352563558;2352563571;
226429171;2352563571;2352563574;
226429171;2352563574;2352563541;
226429171;2352563541;2352563549;
226429171;2352563549;2352563538;
182656399;1930164855;1930166442;
182656399;1930166442;2352563565;
182656399;2352563565;2352563548;
182656399;2352563548;1930166439;
182656399;1930166439;1930166448;
182656399;1930166448;1930166447;
182656399;1930166447;1930166445;
182656399;1930166445;3082789416;
182656399;3082789416;1930166441;
182656399;1930166441;1930166444;
182656399;1930166444;1930166446;
182656399;1930166446;1930166440;
226430094;331241395;2352572350;
226430094;2352572350;2352572174;
226430094;2352572174;2352572199;
226430094;2352572199;2696780842;
226430094;2696780842;2352572192;
226430094;2352572192;2696780836;
226430094;2696780836;2696780826;
226430094;2696780826;2696780824;
226430094;2696780824;2696780822;
226430094;2696780822;2696780821;
226430096;2337710764;2352572287;
226430096;2352572287;2352572160;
226430096;2352572160;2352572164;
226430096;2352572164;2352572167;
226430096;2352572167;2352572345;
226430096;2352572345;2352572289;
226430096;2352572289;2352572218;
226430096;2352572218;2352572254;
226430096;2352572254;2352572224;
226430096;2352572224;2352572276;
226430096;2352572276;2352572306;
226430096;2352572306;2352572195;
226430096;2352572195;2352572261;
226430096;2352572261;2352572225;
226430096;2352572225;2352572181;
226430096;2352572181;2352572269;
226430096;2352572269;2352572337;
183713948;331248256;331248257;
183713948;331248257;331248258;
183713948;331248258;331248259;
183713948;331248259;331248260;
183713948;331248260;331248261;
183713948;331248261;331248263;
183713948;331248263;331248264;
183713948;331248264;331248265;
183713948;331248265;331248267;
183713948;331248267;331248269;
183713948;331248269;2352572337;
183713948;2352572337;331248270;
183713948;331248270;331248272;
183713948;331248272;331248274;
183713948;331248274;331248276;
183713948;331248276;1227279793;
183713948;1227279793;331248279;
183713948;331248279;331248282;
183713948;331248282;2352572278;
183713948;2352572278;331248284;
183713948;331248284;331248287;
183713948;331248287;331248289;
183713948;331248289;331248293;
200678985;2106436856;2106436852;
200678985;2106436852;2106436846;
200678985;2106436846;2106436847;
200678985;2106436847;2106436855;
200678985;2106436855;2106436859;
200678985;2106436859;2106436867;
200678985;2106436867;2106436868;
200678985;2106436868;2106436872;
200678985;2106436872;2106436874;
200678986;2106436856;2106436857;
200678986;2106436857;2106436858;
200678986;2106436858;2106436859;
200678986;2106436859;2106436860;
200678986;2106436860;2106436861;
200678986;2106436861;2106436862;
200678986;2106436862;2106436863;
200678986;2106436863;2106436865;
200678986;2106436865;2106436866;
200678986;2106436866;2106436869;
200678986;2106436869;2106436871;
200678986;2106436871;2106436876;
200678987;2106436862;2106436874;
200678987;2106436874;2106436875;
200678988;353206398;2106436845;
200678988;2106436845;1112862109;
200678982;2352535001;2352535004;
200678989;2106436878;2212540420;
200678989;2212540420;2106436884;
200678989;2106436884;2106436888;
200678989;2106436888;2106436889;
200678989;2106436889;2106436887;
200678989;2106436887;2106436885;
200678989;2106436885;2212540420;
200678989;2212540420;2106436879;
227114498;1112862107;2358415546;
227114498;2358415546;3001166878;
227114498;3001166878;2358415505;
227114498;2358415505;2358415543;
227114498;2358415543;2358415496;
227114498;2358415496;2358415484;
227114494;2358415668;2358415603;
227114494;2358415603;2358415616;
227114494;2358415616;2358415605;
227114494;2358415605;2358415513;
227114494;2358415513;2358415557;
227114494;2358415557;2358415642;
227114494;2358415642;2358415632;
227114494;2358415632;2358415656;
227114489;2358415565;2358415536;
227114489;2358415536;2358415510;
227114489;2358415510;2358415562;
227114489;2358415562;2358415622;
227114489;2358415622;2358415576;
227114489;2358415576;2358415611;
227114489;2358415611;2358415532;
227114489;2358415532;2358415584;
227114489;2358415584;2358415480;
227114489;2358415480;2358415551;
227114489;2358415551;2358415542;
227114489;2358415542;2358415592;
227114489;2358415592;2358415503;
227114489;2358415503;2358415628;
227114489;2358415628;2358415548;
227114491;2352563538;2358415563;
227114491;2358415563;2358415553;
227114491;2358415553;2358415650;
227114491;2358415650;1768815553;
227114492;2358415490;2358415588;
227114492;2358415588;2358415586;
227114492;2358415586;2358415506;
227114492;2358415506;2358415558;
227114492;2358415558;2358415525;
227114492;2358415525;2358415571;
227114492;2358415571;2358415575;
227114492;2358415575;2358415501;
227114492;2358415501;2358415488;
227114492;2358415488;2358415474;
227114492;2358415474;2358415577;
227114492;2358415577;2358415502;
227114492;2358415502;2358415531;
227114492;2358415531;2358415526;
227114500;2358415624;2358415508;
227114500;2358415508;2358415523;
227114500;2358415523;2358415497;
227114500;2358415497;2358415599;
227114500;2358415599;2358415573;
227114500;2358415573;2358415568;
227114500;2358415568;2341298425;
227114502;2358415512;2358415630;
227114502;2358415630;2358415640;
227114502;2358415640;2358415482;
227114502;2358415482;2358415664;
227114502;2358415664;2358415519;
227114502;2358415519;2106436744;
227114502;2106436744;2358415476;
227114502;2358415476;2358415537;
227114502;2358415537;2358415641;
227114502;2358415641;2358415483;
227114502;2358415483;2358415654;
227114502;2358415654;2358415590;
227114502;2358415590;2358415618;
227114502;2358415618;2358415626;
227114502;2358415626;2358415548;
227114504;2341298425;2358415601;
227114504;2358415601;2358415613;
227114504;2358415613;2358415544;
227114504;2358415544;2358415509;
227114504;2358415509;2358415521;
227114504;2358415521;2358415481;
227114504;2358415481;2358415516;
227114504;2358415516;2358415518;
227114504;2358415518;2358415475;
227114504;2358415475;2358415579;
227114506;2358415670;2358415498;
227114506;2358415498;2358415499;
227114506;2358415499;2358415535;
227114506;2358415535;2358415570;
227114506;2358415570;2358415579;
227114506;2358415579;2358415595;
227114506;2358415595;2358415559;
227114506;2358415559;2358415555;
227114506;2358415555;2358415500;
227114506;2358415500;2358415565;
227114506;2358415565;2358415582;
227114506;2358415582;2358415666;
227114506;2358415666;2358415643;
227114506;2358415643;2358415638;
227114506;2358415638;2358415578;
227114506;2358415578;2358415492;
227114506;2358415492;2358415620;
227114506;2358415620;2358415539;
227114506;2358415539;2358415649;
227114506;2358415649;2358415541;
227114506;2358415541;2358415479;
227114506;2358415479;2358415477;
227114506;2358415477;2358415560;
227114506;2358415560;2358415593;
227114506;2358415593;2358415487;
227114506;2358415487;2358415668;
227114508;2358415582;2358415580;
227114508;2358415580;2358415583;
227114508;2358415583;2358415511;
227114508;2358415511;2358415520;
227114508;2358415520;2358415541;
227116975;3054025624;3054025623;
227116975;3054025623;3054025622;
227116975;3054025622;3054025621;
227116975;3054025621;3054025620;
227116975;3054025620;3054025619;
227116975;3054025619;2358444286;
227116975;2358444286;2358444346;
227116975;2358444346;2358444392;
227116975;2358444392;2358444345;
227116975;2358444345;2358444300;
227116975;2358444300;2358444302;
227116966;2358444312;2358444260;
227116966;2358444260;2358444409;
227116966;2358444409;2358444354;
227116966;2358444354;2358444377;
227116966;2358444377;2358444406;
227116966;2358444406;2358444425;
227116966;2358444425;2358444299;
227116967;2358444374;2358444446;
227116967;2358444446;2358444428;
227116967;2358444428;2358444293;
227116967;2358444293;2358444391;
227116967;2358444391;2358444265;
227116967;2358444265;2358444343;
227116967;2358444343;2358444443;
227116967;2358444443;2358444262;
227116967;2358444262;2358444297;
227116967;2358444297;2358444381;
227116967;2358444381;2358444375;
227116967;2358444375;2358444408;
227116967;2358444408;2358444387;
227116967;2358444387;2358444434;
227116967;2358444434;2358444394;
227116967;2358444394;2358444337;
227116967;2358444337;2358444383;
227116967;2358444383;2358444358;
227116967;2358444358;2358444276;
227116970;2358444388;2358444408;
227116971;2358444302;2358444290;
227116971;2358444290;2358444304;
227116971;2358444304;2358444264;
227116971;2358444264;2358444284;
227116971;2358444284;2358444360;
227116971;2358444360;2358444278;
227116971;2358444278;2358444370;
227116971;2358444370;2358444281;
227116971;2358444281;2358444337;
227116974;493411777;2358444329;
227116974;2358444329;2358444348;
227116974;2358444348;493394103;
227116974;493394103;1458197404;
227116977;2358444359;2358444255;
227116977;2358444255;2358444390;
227116977;2358444390;2358444277;
227116977;2358444277;2358444263;
227116977;2358444263;2358444441;
227116977;2358444441;2358444438;
227116977;2358444438;2358444328;
227116977;2358444328;2358444341;
227116977;2358444341;2358444292;
227116977;2358444292;2358444421;
227116979;2358444402;2358444310;
227116979;2358444310;2358444442;
227116979;2358444442;2358444414;
227116979;2358444414;2358444423;
227116979;2358444423;2358444411;
227116979;2358444411;2358444326;
227116979;2358444326;2358444295;
227116979;2358444295;2358444312;
227116972;2377821244;2377821339;
227116972;2377821339;2377821422;
227116972;2377821422;2377821498;
227116972;2377821498;2377821146;
227116972;2377821146;2358444268;
227116972;2358444268;2358444266;
227116972;2358444266;2358444274;
227116972;2358444274;2358444389;
227116972;2358444389;2358444400;
227116972;2358444400;2358444417;
227116972;2358444417;2358444332;
227116972;2358444332;2358444444;
227116972;2358444444;2358444424;
227116972;2358444424;2358444265;
227116976;2210908303;2358444432;
227116976;2358444432;2358444439;
227116976;2358444439;2358444402;
227116976;2358444402;2358444440;
227116976;2358444440;2358444350;
227116976;2358444350;2358444319;
227116976;2358444319;2358444269;
227116976;2358444269;2358444309;
227116976;2358444309;2358444427;
227116976;2358444427;2358444404;
227116976;2358444404;2358444412;
227116976;2358444412;2358444385;
227116976;2358444385;2358444436;
227116976;2358444436;2358444362;
227116976;2358444362;2358444448;
227116976;2358444448;2358444291;
227116976;2358444291;2358444321;
227116976;2358444321;2358444330;
227116976;2358444330;2358444413;
227116976;2358444413;2358444327;
227116976;2358444327;2377821492;
227116976;2377821492;2358444347;
227116976;2358444347;2358444261;
227116976;2358444261;2358444372;
227116976;2358444372;2358444325;
227116976;2358444325;2358444371;
227116976;2358444371;2358444308;
227116976;2358444308;2358444373;
227116976;2358444373;2358444415;
227116976;2358444415;2358444426;
227116976;2358444426;2358444379;
227116976;2358444379;2358444323;
227116976;2358444323;2358444357;
227116976;2358444357;2358444398;
227116976;2358444398;2358444273;
227116976;2358444273;2358444364;
227116976;2358444364;2358444294;
227116976;2358444294;2358444298;
227116976;2358444298;2358444419;
227116976;2358444419;2358444366;
227116980;2377821147;2377821288;
227116980;2377821288;2377821095;
227116980;2377821095;2377821176;
227116980;2377821176;2377821217;
227116980;2377821217;2377821136;
227116980;2377821136;2377821331;
227116980;2377821331;2377821156;
227116980;2377821156;2377821208;
227116980;2377821208;2377821453;
227116980;2377821453;2377821113;
227116980;2377821113;2377821197;
227116980;2377821197;2377821274;
227116980;2377821274;2377821488;
227116980;2377821488;2377821349;
227116980;2377821349;2377821258;
227116980;2377821258;2377821216;
227116980;2377821216;2377821393;
227116980;2377821393;2358444336;
227116980;2358444336;2358444396;
227116980;2358444396;2358444356;
227116980;2358444356;2358444339;
227116980;2358444339;2358444280;
227116980;2358444280;2358444333;
227116980;2358444333;2358444299;
227116980;2358444299;2358444271;
227116980;2358444271;2358444410;
227116980;2358444410;2358444430;
227116980;2358444430;2358444362;
332265764;2471419129;302680142;
332265764;302680142;302680143;
332265764;302680143;302680144;
332265764;302680144;2477465017;
332265764;2477465017;2471427144;
332265764;2471427144;302680147;
332265764;302680147;1725078241;
332265764;1725078241;302680151;
332265764;302680151;2478058535;
332265764;2478058535;2471431631;
332265764;2471431631;1481520469;
332265764;1481520469;1481520500;
332265764;1481520500;302680155;
332265764;302680155;2357756412;
332265764;2357756412;302680162;
332265764;302680162;2477802816;
332265764;2477802816;302680166;
332265764;302680166;2477517676;
332265764;2477517676;2357756404;
332265764;2357756404;2477517559;
332265764;2477517559;302680174;
332265764;302680174;302680179;
332265764;302680179;3054046159;
332265764;3054046159;302680182;
332265764;302680182;2477517619;
332265764;2477517619;302680185;
332265764;302680185;302680186;
332265764;302680186;2352563542;
332265764;2352563542;302680187;
332265764;302680187;302680189;
332265764;302680189;302680193;
332265764;302680193;2352563559;
332265764;2352563559;2352556562;
332265764;2352556562;2478058425;
332265764;2478058425;2352556570;
332265764;2352556570;302680201;
332265764;302680201;302680203;
332265764;302680203;302680206;
332265764;302680206;2352563567;
332265764;2352563567;302680209;
332265764;302680209;2352556634;
332265764;2352556634;302680211;
332265764;302680211;354973679;
332265764;354973679;2478058359;
332265764;2478058359;302680216;
332265764;302680216;2478058232;
332265764;2478058232;2478058654;
332265764;2478058654;2478058404;
332265764;2478058404;302680223;
332265764;302680223;2478058520;
332265764;2478058520;302680229;
332265764;302680229;2341298505;
332265764;2341298505;2341298420;
332265764;2341298420;2341298444;
332265764;2341298444;302680234;
37607394;440825607;440825611;
37607394;440825611;2597667070;
37607394;2597667070;1859067627;
37607394;1859067627;1859067622;
37607394;1859067622;440825612;
37607394;440825612;2323759551;
37607394;2323759551;440825613;
37607394;440825613;1859067363;
37607394;1859067363;440825614;
37607394;440825614;1481520608;
37607394;1481520608;440825615;
37607394;440825615;440825616;
37607394;440825616;736942443;
37607394;736942443;1859067486;
37607394;1859067486;1234828413;
37607394;1234828413;1234828428;
37607394;1234828428;1234828444;
37607394;1234828444;2687622397;
37607394;2687622397;2478072416;
37607394;2478072416;2478072438;
37607394;2478072438;1234828442;
37607394;1234828442;2687622403;
37607394;2687622403;1859067598;
37607394;1859067598;440825617;
37607394;440825617;1859067616;
37607394;1859067616;440825618;
37607394;440825618;440825619;
37607394;440825619;493383672;
37607394;493383672;440825602;
332268655;613536337;1227281475;
332268655;1227281475;3222062730;
332268655;3222062730;1227276822;
332268655;1227276822;331233430;
145558215;331233425;1589528002;
145558215;1589528002;1589527878;
145558215;1589527878;3393840391;
145558215;3393840391;1589527952;
145558215;1589527952;613536337;
26166382;3051503883;3051503884;
332267538;2323759540;349111046;
332267538;349111046;1227279746;
332267538;1227279746;349111052;
332267538;349111052;349111053;
332267538;349111053;349111054;
332267538;349111054;349111055;
332267538;349111055;349111056;
332267538;349111056;349111058;
332267538;349111058;2802024221;
332267538;2802024221;349111059;
332267538;349111059;2802024222;
332267538;2802024222;2352547751;
332267538;2352547751;3393851498;
332267538;3393851498;349111061;
37607408;302680236;2802024234;
37607408;2802024234;3393851505;
37607408;3393851505;440825624;
37607399;302680234;3393851497;
37607399;3393851497;2802024224;
37607399;2802024224;3393851502;
37607399;3393851502;1226137004;
37607399;1226137004;302680236;
59429090;302680236;3001144089;
59429090;3001144089;1227283045;
59429090;1227283045;302680241;
59429090;302680241;302680243;
59429090;302680243;2802024235;
59429090;2802024235;302680247;
59429090;302680247;302680248;
59429090;302680248;302680249;
59429090;302680249;493417974;
59429090;493417974;3393851506;
59429090;3393851506;3393851507;
59429090;3393851507;1930164805;
59429090;1930164805;493371797;
59429090;493371797;286528407;
59429090;286528407;2802024237;
59429090;2802024237;302680258;
59429090;302680258;302680259;
59429090;302680259;1458197408;
59429090;1458197408;3191571415;
59429090;3191571415;302680260;
59429090;302680260;3051503884;
332269861;1930164858;1930164829;
182656239;1930164834;1930164858;
182656232;1930164791;1930164831;
182656232;1930164831;1930164778;
182656232;1930164778;1930164827;
182656232;1930164827;1930164858;
227528647;1589528087;1589527909;
227528647;1589527909;1589527999;
227528647;1589527999;1589527947;
227528647;1589527947;1589527869;
227528647;1589527869;1589528044;
227528647;1589528044;1589527863;
227528647;1589527863;1589527988;
227528647;1589527988;1589528085;
227528647;1589528085;1589527913;
227528647;1589527913;1589528029;
227528647;1589528029;1589527826;
227528647;1589527826;1589527971;
227528647;1589527971;1589527771;
227528648;1112862043;1112862109;
227528645;1103391462;1103391982;
227528645;1103391982;1103391961;
227528645;1103391961;1103391918;
227528646;353206396;3237999663;
227528646;3237999663;286512260;
211081910;2210908298;2210908294;
211081910;2210908294;2210908291;
211081910;2210908291;2210908284;
211081910;2210908284;2210908280;
211081913;2210908274;2210908276;
211081913;2210908276;2210908287;
211081913;2210908287;2210908289;
211081913;2210908289;2210908298;
211081913;2210908298;2210908301;
182656236;1930164781;1930180218;
182656236;1930180218;493429341;
253895732;3393840391;1227281475;
253895732;1227281475;3393841694;
253895732;3393841694;3393841700;
253895732;3393841700;3054013819;
253895732;3054013819;3054013818;
253895732;3054013818;3054013817;
253895732;3054013817;3054013816;
253895732;3054013816;3054013815;
253895732;3054013815;3054013814;
253895732;3054013814;2597667095;
253895732;2597667095;2597667089;
253895732;2597667089;2597667085;
253895732;2597667085;2597667083;
253895731;2597667073;2597667087;
224930768;2337710796;2337710800;
224930768;2337710800;2337710795;
224930768;2337710795;2337710779;
224930768;2337710779;2337710814;
224930768;2337710814;2597667087;
224930768;2597667087;2337710775;
224930768;2337710775;2337710792;
224930768;2337710792;2337710785;
224930768;2337710785;2337710797;
224930771;2337710816;2337710805;
224930771;2337710805;2337710796;
224930771;2337710796;2335751194;
224930771;2335751194;2337710762;
224930771;2337710762;2337710793;
224930771;2337710793;2337710797;
224930771;2337710797;2337710811;
224930771;2337710811;2337710822;
224930771;2337710822;2337710830;
224930771;2337710830;2337710828;
224930771;2337710828;2335750738;
37607398;440825634;440825625;
37607398;440825625;440825627;
37607398;440825627;2802024226;
37607398;2802024226;3393851501;
37607398;3393851501;349111574;
37607398;349111574;440825630;
37607398;440825630;3393851503;
37607398;3393851503;440825633;
37607398;440825633;440825629;
37607398;440825629;440825624;
37607398;440825624;440825626;
37607398;440825626;440825635;
37607398;440825635;2802024228;
37607398;2802024228;440825631;
37607398;440825631;2802024227;
37607398;2802024227;440825632;
37607398;440825632;440825628;
37607398;440825628;440825634;
234443651;2426956601;2426956603;
234443651;2426956603;2426956614;
234443651;2426956614;2426956624;
234443651;2426956624;2426956626;
234443651;2426956626;2426956630;
234443651;2426956630;2426956632;
234443651;2426956632;2426956639;
234443651;2426956639;2426956657;
234443651;2426956657;2426956659;
234443651;2426956659;2426956653;
234443655;2426956647;2426956649;
234443667;2426956636;2426956643;
234443667;2426956643;2426956645;
234443667;2426956645;2426956647;
234443667;2426956647;2426956651;
234443667;2426956651;2426956655;
234443669;2426956626;2426956620;
234443669;2426956620;2426956609;
234443669;2426956609;2426956607;
234443669;2426956607;2426956622;
234443669;2426956622;2426956628;
234443669;2426956628;2426956634;
234443669;2426956634;2426956641;
234443669;2426956641;1227277240;
165330666;1103391462;1768823092;
165330666;1768823092;1768823093;
165330666;1768823093;1768823094;
165330666;1768823094;1768823095;
165330666;1768823095;1768823096;
165330666;1768823096;1768823097;
165330666;1768823097;1768823098;
165330666;1768823098;1768823099;
165330666;1768823099;1768823100;
200678983;2106436791;2106436789;
200678983;2106436789;2106436785;
200678983;2106436785;2106436783;
200678983;2106436783;2106436753;
200678983;2106436753;2106436740;
200678983;2106436740;2106436735;
200678983;2106436735;2106436722;
200678983;2106436722;2106436726;
200678983;2106436726;2106436733;
200678983;2106436733;2106436744;
200678983;2106436744;2106436742;
200678983;2106436742;2106436752;
200678983;2106436752;2106436754;
200678983;2106436754;2106436760;
200678983;2106436760;2106436764;
200678983;2106436764;2106436771;
200678983;2106436771;2106436773;
200678983;2106436773;2106436781;
200678983;2106436781;2106436793;
200678983;2106436793;2426971435;
200678983;2426971435;2323759553;
200678983;2323759553;2426971436;
200678983;2426971436;2106436800;
200678983;2106436800;2106436807;
200678983;2106436807;2106436815;
235818212;2438928265;68910792;
235818212;68910792;68910805;
235818212;68910805;68910813;
235818212;68910813;68910830;
235818212;68910830;68910839;
235818212;68910839;68910858;
235818212;68910858;68910882;
235818212;68910882;68910934;
235818212;68910934;68910977;
235818212;68910977;68910997;
235818212;68910997;68911006;
235818212;68911006;68911017;
235818212;68911017;68911028;
235818212;68911028;68911040;
235818212;68911040;68911047;
235818212;68911047;68911057;
235818212;68911057;68911066;
235818212;68911066;68911073;
235818212;68911073;68911083;
235818212;68911083;68911096;
235818212;68911096;68911103;
235818212;68911103;68911109;
235818212;68911109;68911113;
235818212;68911113;68911141;
235818212;68911141;68911232;
235818212;68911232;68911245;
235818212;68911245;68911253;
235818212;68911253;68911261;
235818212;68911261;68911275;
235818212;68911275;68911283;
235818212;68911283;68911322;
235818212;68911322;68911331;
235818212;68911331;68911340;
235818212;68911340;68911348;
235818212;68911348;68911355;
235818212;68911355;68911363;
235818212;68911363;68911374;
235818212;68911374;68911390;
235818212;68911390;68911394;
235818212;68911394;68911398;
235818212;68911398;68911404;
235818212;68911404;68911412;
235818212;68911412;68911420;
235818212;68911420;68911423;
235818212;68911423;68911444;
235818212;68911444;68911450;
235818212;68911450;68911454;
235818212;68911454;68911458;
235818212;68911458;68911462;
235818212;68911462;68911470;
235818212;68911470;68911477;
235818212;68911477;68911487;
235818212;68911487;68911496;
235818212;68911496;68911504;
235818212;68911504;68911511;
235818212;68911511;68911515;
235818212;68911515;68911543;
235818212;68911543;68911558;
235818212;68911558;348037127;
235818212;348037127;68911583;
235818212;68911583;68911588;
235818212;68911588;68911590;
235818212;68911590;68911598;
240037276;2478058571;2478058388;
240037276;2478058388;2478058573;
240037276;2478058573;2478058241;
240037276;2478058241;2478058636;
240037276;2478058636;2478058352;
240037276;2478058352;2478058565;
240037276;2478058565;2478058492;
240037276;2478058492;2478058330;
240037276;2478058330;2478058577;
240037276;2478058577;2478058602;
240037276;2478058602;2478058329;
240037276;2478058329;2478058361;
240037276;2478058361;2478058560;
240037276;2478058560;2478058391;
240037276;2478058391;2478058598;
240037276;2478058598;2478058567;
240037276;2478058567;2478058294;
240037276;2478058294;2478058439;
240037276;2478058439;2478058375;
240037276;2478058375;2478058425;
240037290;2478058503;2478058622;
240037290;2478058622;2478058592;
240037290;2478058592;2478058636;
240037655;2478072455;2478072484;
240037655;2478072484;2478072494;
240037655;2478072494;2478072419;
240037655;2478072419;2478072357;
240037655;2478072357;2478072579;
240037655;2478072579;2478072587;
240037655;2478072587;2478072505;
240037655;2478072505;2478072460;
240037655;2478072460;2478072593;
240037655;2478072593;2478072590;
240037655;2478072590;2478072428;
240037655;2478072428;2478072571;
240037655;2478072571;2478072599;
240037655;2478072599;2478072336;
240037655;2478072336;2478072445;
240037655;2478072445;2478072365;
240037655;2478072365;2478072449;
240037655;2478072449;2478072515;
240037655;2478072515;2478072488;
240037655;2478072488;2478072470;
240037655;2478072470;2478072511;
240037655;2478072511;2478072596;
240037655;2478072596;2478072568;
240037660;2478072576;2478072498;
240037660;2478072498;2478072474;
240037660;2478072474;2478072413;
240037660;2478072413;2478072360;
240037660;2478072360;2478072457;
240037660;2478072457;2478072453;
263137470;2687622397;2687622393;
263137470;2687622393;2687622389;
263137470;2687622389;2687622384;
263137472;2687622387;2687622395;
263137472;2687622395;2687622401;
263137472;2687622401;2687622403;
263137474;2478072383;2687622387;
263137474;2687622387;2478072573;
263137474;2478072573;2478072438;
263137477;2478072438;2687622399;
263137477;2687622399;2687622391;
263137477;2687622391;2687622384;
263137477;2687622384;2478072383;
240037662;2478072455;2478072541;
240037662;2478072541;2478072435;
240037662;2478072435;2478072453;
240037662;2478072453;2478072552;
240037662;2478072552;2478072373;
240037662;2478072373;2478072383;
107445351;1234828444;2687622957;
107445351;2687622957;1234828460;
107445358;1234828427;1234828466;
107445358;1234828466;2687622955;
107445358;2687622955;1234828428;
107445363;1234828442;1859067526;
107445363;1859067526;2687622958;
107445363;2687622958;1234828424;
107445363;1234828424;1234828460;
107445363;1234828460;1234828427;
263999957;2696780826;2696780833;
264000098;2352572350;2696782808;
264000098;2696782808;2696782806;
264000098;2696782806;2696782798;
264000099;2352572174;2352572216;
264000099;2352572216;2352572243;
264000099;2352572243;2352572241;
264000099;2352572241;2352572252;
264000099;2352572252;2352572310;
264000099;2352572310;2352572322;
264000099;2352572322;2352572232;
275565244;736938426;2802003684;
275565244;2802003684;2802003685;
275565244;2802003685;2802003686;
275565244;2802003686;736938430;
275565579;2802006270;2802006273;
275565579;2802006273;2802006276;
275565579;2802006276;2802006280;
275565579;2802006280;2802006282;
275565579;2802006282;440825644;
275566507;286528402;3051500313;
275566507;3051500313;2802024242;
278398762;2341298364;1768815553;
278398762;1768815553;2335750703;
278398762;2335750703;1768815552;
278398762;1768815552;1768815550;
278398762;1768815550;1768815548;
278398762;1768815548;1768815546;
278398762;1768815546;2358415526;
278398762;2358415526;1768815544;
278398762;1768815544;1768815542;
278398762;1768815542;1768815540;
278398762;1768815540;1768815538;
278398762;1768815538;1768815536;
278398762;1768815536;1768815535;
278398762;1768815535;1768815534;
278398762;1768815534;1768815533;
278398762;1768815533;1768815532;
278398762;1768815532;1768815531;
278398762;1768815531;1725078313;
278398762;1725078313;1725078312;
278398764;2827716872;2827716871;
295642176;2993797295;2993797299;
295642176;2993797299;2993797303;
295642177;2993797298;2993797302;
295642177;2993797302;2993797307;
295642178;2993797293;2993797296;
295642178;2993797296;2993797300;
295642179;2993797294;2993797296;
295642179;2993797296;2993797299;
295642179;2993797299;2993797302;
295642179;2993797302;2993797306;
295642180;2993797304;2477802818;
295642180;2477802818;2993797301;
295642180;2993797301;2993797298;
295642180;2993797298;2993797295;
295642180;2993797295;2993797293;
295642180;2993797293;2993797292;
295642180;2993797292;2477802821;
295642180;2477802821;2993797291;
295642181;2993797292;2993797294;
295642181;2993797294;2993797297;
295642181;2993797297;2993797300;
295642181;2993797300;2993797303;
295642181;2993797303;2993797307;
295642181;2993797307;2993797308;
295642181;2993797308;2993797306;
295642181;2993797306;2993797301;
296325290;3001144109;3001144106;
296325291;1930164805;354973486;
296325293;3001144087;3001144088;
296325293;3001144088;3001144091;
296325294;3001144090;3001144092;
296325294;3001144092;3001144093;
296325295;3001144089;3001144094;
296325295;3001144094;3001144095;
296325295;3001144095;3001144096;
296325296;3001144094;3001144090;
296325296;3001144090;3001144087;
296325296;3001144087;3001144083;
296325298;3191542385;3191542383;
296325298;3191542383;3001144095;
296325292;493370201;3237995720;
296325292;3237995720;3237995721;
296325292;3237995721;3001144127;
296325297;3001144091;3001144093;
296325297;3001144093;3001144096;
296325297;3001144096;2946166489;
296325297;2946166489;3001144097;
296325297;3001144097;3141721860;
296325297;3141721860;2827716869;
296328308;1112862070;1112862096;
296328308;1112862096;1112862047;
296328310;1112862047;3001185047;
296328310;3001185047;3001185050;
296328310;3001185050;3191598911;
296328310;3191598911;3191598912;
296327674;3001166859;2358415656;
296327674;2358415656;2358415658;
296327674;2358415658;2358415484;
296327674;2358415484;2358415527;
296327674;2358415527;2358415538;
296327674;2358415538;2358415528;
296327674;2358415528;2358415515;
296327674;2358415515;2358415646;
296327674;2358415646;2358415607;
296327678;3001166872;3001166876;
296327678;3001166876;3001166879;
296327679;2358415496;3001166872;
296327679;3001166872;3001166873;
296327679;3001166873;3001166882;
296327679;3001166882;3001166879;
296327679;3001166879;3001166878;
296329176;3001185044;3001185042;
296329176;3001185042;1112862070;
296329177;3001193078;3001193077;
296329177;3001193077;3001193076;
296329177;3001193076;3001185044;
296328311;3001185043;3001185046;
296328311;3001185046;3001185045;
296328311;3001185045;3001185044;
296328309;1112862047;3001185048;
296328309;3001185048;3001185049;
296328309;3001185049;3001193077;
296328309;3001193077;1112862056;
300922185;3050247061;3050247062;
300922185;3050247062;3050247066;
300922185;3050247066;3050247063;
300922185;3050247063;3050247065;
300922185;3050247065;3050247064;
300922821;3050247061;3050254333;
300922821;3050254333;3050252909;
300922821;3050252909;3050248641;
300925065;1930164861;3050277355;
300925065;3050277355;3050277356;
300925065;3050277356;3050277357;
300925065;3050277357;3050277358;
300925066;3050277358;1930164861;
300925067;3050277357;3050277359;
300925145;1930164841;3050279921;
300927948;2478072576;1859067559;
300927949;736942445;3050324032;
300927949;3050324032;3050324133;
300922768;3050248643;3050248644;
300922767;3050248644;3050248645;
300922767;3050248645;3050248646;
300922767;3050248646;3050248647;
300929469;3050248641;3050254334;
300929470;3050248641;3050252911;
300929470;3050252911;3050248642;
300929470;3050248642;3050248643;
300922224;3050248641;3050252910;
300922224;3050252910;1227283981;
301331883;3054014972;3054014973;
301331883;3054014973;3054014974;
301331883;3054014974;3054014975;
301331884;3054014974;3054014976;
301331884;3054014976;3054014977;
301333908;736298830;2377821286;
301333908;2377821286;3191617453;
301333908;3191617453;736298839;
301333908;736298839;736298844;
301333908;736298844;736298847;
301333908;736298847;1112862122;
301333908;1112862122;3191617441;
301333908;3191617441;736298850;
301333908;736298850;3191599382;
301333908;3191599382;3191599369;
301333908;3191599369;3191598957;
301333908;3191598957;3191598955;
301333908;3191598955;1859974560;
301333908;1859974560;3054025624;
301333908;3054025624;736298854;
301333908;736298854;736298857;
301333908;736298857;3191598942;
301333908;3191598942;3191598939;
301333908;3191598939;3054039960;
301333908;3054039960;736298868;
301333908;736298868;3191598921;
301333908;3191598921;3001185054;
301333908;3001185054;440825655;
301333908;440825655;3191598915;
301333908;3191598915;3001193078;
301333908;3001193078;1112862056;
301333908;1112862056;440825654;
301333908;440825654;2802003700;
301333908;2802003700;3191636071;
301333908;3191636071;2802003698;
301333908;2802003698;440825641;
301342160;2352545177;3054060608;
301342160;3054060608;2352545178;
301342160;2352545178;2352545170;
301342160;2352545170;2352545175;
301342160;2352545175;2352545176;
301343003;3054062872;2352545165;
301343003;2352545165;2352545173;
302251767;1768677747;2335750939;
302251767;2335750939;1768677668;
302251767;1768677668;3191571417;
302251767;3191571417;1768677755;
302251767;1768677755;1941267656;
302251767;1941267656;1768677698;
302251767;1768677698;1941267658;
302251767;1941267658;1768677685;
302251767;1768677685;1941267660;
302251767;1941267660;1768677712;
302251767;1768677712;1768677714;
302251767;1768677714;1941267662;
302251767;1941267662;1941267664;
302251767;1941267664;1941267665;
302251767;1941267665;1768677734;
302251767;1768677734;2335751066;
302251767;2335751066;2335751439;
302251767;2335751439;2335750977;
302251767;2335750977;1768677737;
302251767;1768677737;1768677699;
302251767;1768677699;1768677724;
302251767;1768677724;1768677728;
302251767;1768677728;1768677732;
302251767;1768677732;1768677767;
302251767;1768677767;1768677771;
302251767;1768677771;1768677775;
302251767;1768677775;1768677777;
302251767;1768677777;1768677780;
302251767;1768677780;1768677678;
302251767;1768677678;1768677648;
302251767;1768677648;2335751018;
302251767;2335751018;1768677664;
302251767;1768677664;1768677672;
302251767;1768677672;2335750997;
302251767;2335750997;2335750929;
302251767;2335750929;2335750913;
302251767;2335750913;1768677674;
302251767;1768677674;1768677680;
302251767;1768677680;1768677736;
302251767;1768677736;2335750839;
302251767;2335750839;1768677718;
302251767;1768677718;2335750779;
302251767;2335750779;1768677769;
302251767;1768677769;1768677679;
302251767;1768677679;1768677756;
302251767;1768677756;1768677702;
302251767;1768677702;2335750937;
302251767;2335750937;1768677706;
302251767;1768677706;1768677722;
302251767;1768677722;1768677716;
302251767;1768677716;1768677720;
302251767;1768677720;1768677727;
302251767;1768677727;1768677731;
302251767;1768677731;1768677770;
302251767;1768677770;2335751343;
302251767;2335751343;2335751030;
302251767;2335751030;2335751348;
302251767;2335751348;2426956685;
302252110;1930166448;1768480047;
302252116;1930164776;3065011058;
302252116;3065011058;3065011059;
302252116;3065011059;2335751379;
302252111;1768480047;1768480048;
302252111;1768480048;1768677705;
302252111;1768677705;1768677747;
303818629;613536297;3082732850;
303818629;3082732850;3082732851;
303818629;3082732851;3082732852;
303818629;3082732852;3082732853;
303818629;3082732853;3082732854;
303818629;3082732854;3082732855;
303818629;3082732855;3082732856;
303818629;3082732856;3082732857;
303818629;3082732857;3082732858;
303818629;3082732858;3082732859;
303818629;3082732859;2426956622;
303823644;2426956536;1227283206;
303823644;1227283206;1227281544;
303823644;1227281544;1227276912;
303823644;1227276912;1227276082;
303823644;1227276082;1227284671;
303823644;1227284671;1227283279;
303823644;1227283279;3050247061;
303823644;3050247061;3050254334;
303823644;3050254334;1227283981;
303823644;1227283981;1227282734;
303823644;1227282734;1227280795;
303823644;1227280795;1227278911;
303823644;1227278911;1227275842;
303823644;1227275842;1227284121;
303823644;1227284121;1227282843;
303823644;1227282843;1227280969;
303823644;1227280969;1227281773;
303823644;1227281773;1227279931;
303823644;1227279931;1227277835;
303823644;1227277835;1227276427;
303823644;1227276427;1227283366;
303823644;1227283366;1227281965;
303823644;1227281965;1227280075;
303823644;1227280075;1227278036;
303823644;1227278036;1227279067;
303823644;1227279067;1227276976;
303823644;1227276976;1227276123;
303823644;1227276123;1227284702;
303823644;1227284702;1227283131;
303823644;1227283131;1227281429;
303823644;1227281429;1227279626;
303823644;1227279626;1227277506;
303823644;1227277506;1227278597;
303823644;1227278597;1227276684;
303823644;1227276684;1227276023;
303823644;1227276023;1227284485;
303823644;1227284485;1227280636;
303823644;1227280636;1227278724;
303823644;1227278724;1227276784;
303823644;1227276784;1227276053;
303823644;1227276053;1227276321;
303825735;1930166440;2352565180;
303825735;2352565180;1930166443;
303825499;3082789416;3082789417;
303826627;1709239607;3082797316;
303826627;3082797316;3082797310;
303826627;3082797310;3082797311;
303826627;3082797311;3082797312;
303827607;3082809080;3082809081;
303827609;3082809082;3082809080;
303827609;3082809080;3082809083;
303827609;3082809083;1768480047;
303827443;286512260;1458200686;
303827443;1458200686;493367646;
303827443;493367646;2802024241;
303827443;2802024241;286528402;
303828431;1930225888;1930225870;
303828431;1930225870;1930225921;
303828431;1930225921;1930225886;
303828431;1930225886;1930164832;
303828432;1930164832;1908537432;
303828064;3082822157;3082822158;
303828852;3082837089;3082837090;
303828852;3082837090;3082837091;
303828853;3082837090;3082837092;
303828981;3082837250;3082837251;
303833299;3082887619;3082887620;
303833299;3082887620;3331942278;
303833299;3331942278;3082887621;
303833299;3082887621;3331942279;
303833299;3331942279;3082887622;
303833299;3082887622;3082887623;
303833299;3082887623;3082887624;
303833299;3082887624;3082887625;
303833299;3082887625;3082887626;
303833299;3082887626;3082887627;
303833299;3082887627;3082887628;
303833299;3082887628;3082887629;
303833299;3082887629;331248289;
303833292;3082887583;3082887584;
303833292;3082887584;3082887585;
303833292;3082887585;3082887586;
303833292;3082887586;3082887587;
303833292;3082887587;3082887588;
303833292;3082887588;3082887589;
303833292;3082887589;3082887590;
303833292;3082887590;3082887591;
303833292;3082887591;3082887592;
303833292;3082887592;3082887593;
303833292;3082887593;3082887594;
303833292;3082887594;3082887595;
303833292;3082887595;3082887596;
303833292;3082887596;3082887597;
303833292;3082887597;3082887598;
303833292;3082887598;3082887599;
303833292;3082887599;3082887600;
303833292;3082887600;3082887601;
303833294;3082887593;3082887611;
303833294;3082887611;3082887612;
303833295;3082887613;3082887614;
303833295;3082887614;3082887615;
303833296;3082887612;3082887613;
303833297;3082887613;3082887616;
303833297;3082887616;3082887617;
303833297;3082887617;3082887618;
303833297;3082887618;3050248643;
303833298;3082887599;3082887619;
37607420;440825656;440825657;
37607420;440825657;440825658;
37607420;440825658;2210908274;
37607420;2210908274;440825660;
37607420;440825660;2210908271;
37607420;2210908271;440825661;
37607420;440825661;440825662;
37607420;440825662;440825663;
37607420;440825663;2426971439;
37607420;2426971439;440825664;
37607420;440825664;1524453535;
37607420;1524453535;440825665;
37607420;440825665;2106436815;
37607420;2106436815;1524453534;
37607420;1524453534;440825666;
37607420;440825666;440825667;
37607420;440825667;2323759544;
37607420;2323759544;440825668;
37607420;440825668;2377821269;
37607420;2377821269;440825669;
37607420;440825669;2426971434;
37607420;2426971434;2341298458;
37607420;2341298458;440825670;
37607420;440825670;440825671;
37607420;440825671;2981942883;
37607420;2981942883;440825672;
37607420;440825672;1103184664;
37607420;1103184664;2426971430;
37607420;2426971430;440825673;
37607420;440825673;2981942874;
37607420;2981942874;440825674;
37607420;440825674;2981942867;
37607420;2981942867;2313583775;
37607420;2313583775;440825675;
37607420;440825675;2981942841;
37607420;2981942841;2981942839;
37607420;2981942839;2296467491;
37607420;2296467491;2341298514;
37607420;2341298514;2981942826;
37607420;2981942826;2981942815;
37607420;2981942815;2981942808;
37607420;2981942808;440825676;
37607420;440825676;1725078365;
37607420;1725078365;2296467362;
37607420;2296467362;2981942786;
37607420;2981942786;2981942780;
37607420;2981942780;2981942777;
37607420;2981942777;2981942774;
37607420;2981942774;2981942771;
37607420;2981942771;440825677;
37607420;440825677;1497216817;
37607420;1497216817;440825678;
37607420;440825678;2981942758;
37607420;2981942758;2981942757;
37607420;2981942757;2981942756;
37607420;2981942756;2296467433;
37607420;2296467433;2981942750;
37607420;2981942750;440825679;
37607420;440825679;1497216725;
37607420;1497216725;2296467396;
37607420;2296467396;1497216709;
37607420;1497216709;2981942749;
37607420;2981942749;2981942747;
37607420;2981942747;440825680;
37607420;440825680;2981942746;
37607420;2981942746;2981942744;
37607420;2981942744;1497216697;
37607420;1497216697;440825681;
37607420;440825681;2981942743;
37607420;2981942743;2981942742;
37607420;2981942742;2981942741;
37607420;2981942741;2981942740;
37607420;2981942740;440825682;
37607420;440825682;2981942739;
37607420;2981942739;1497216680;
37607420;1497216680;2479060471;
37607420;2479060471;2479060326;
37607420;2479060326;2479060398;
37607420;2479060398;440825683;
37607420;440825683;2479060295;
37607420;2479060295;440825684;
37607420;440825684;2981942733;
37607420;2981942733;2981941932;
37607420;2981941932;2981941929;
37607420;2981941929;2981941928;
37607420;2981941928;440825685;
37607420;440825685;2323756460;
37607420;2323756460;440825686;
37607420;440825686;440825687;
37607420;440825687;1408522116;
37607420;1408522116;2981941930;
37607420;2981941930;440825688;
37607420;440825688;1704874951;
37607420;1704874951;2376644471;
37607420;2376644471;2323756323;
37607420;2323756323;2376644469;
37607420;2376644469;440825689;
37607420;440825689;2376643645;
37607420;2376643645;440825690;
37607420;440825690;1704551622;
37607420;1704551622;1704551588;
37607420;1704551588;2320177105;
30073858;331247381;3393841704;
30073858;3393841704;3393841707;
30073858;3393841707;3191571412;
30073856;331233410;2358444313;
30073856;2358444313;2358444361;
30073856;2358444361;331233412;
30073856;331233412;2358444368;
30073856;2358444368;331233413;
30073856;331233413;2358444296;
30073856;2358444296;331233415;
30073856;331233415;331233416;
30073856;331233416;2358444317;
30073856;2358444317;331247374;
30073856;331247374;331247376;
30073856;331247376;3393841701;
30073856;3393841701;331247378;
30073856;331247378;3393841706;
30073856;3393841706;2358444257;
30073856;2358444257;3393841705;
30073856;3393841705;331247381;
30073856;331247381;2358444429;
30073856;2358444429;331233410;
30073855;331233415;331247386;
30073855;331247386;331233417;
30073855;331233417;331233419;
30073855;331233419;331233420;
30073855;331233420;331233421;
30073855;331233421;3222062729;
234443656;2426956528;2426956530;
234443656;2426956530;2426956532;
234443656;2426956532;2426956534;
234443656;2426956534;2426956550;
234443656;2426956550;2426956558;
234443656;2426956558;2426956560;
234443656;2426956560;2426956552;
234443656;2426956552;2426956566;
234443656;2426956566;2426956582;
234443656;2426956582;2426956590;
234443656;2426956590;2426956594;
234443656;2426956594;2426956588;
234443656;2426956588;2426956577;
234443656;2426956577;2426956575;
234443656;2426956575;2426956573;
234443656;2426956573;2426956569;
234443656;2426956569;2426956562;
234443656;2426956562;2426956554;
234443656;2426956554;2426956548;
234443656;2426956548;2426956542;
234443656;2426956542;2426956544;
234443656;2426956544;2426956540;
234443656;2426956540;2426956538;
234443656;2426956538;2426956536;
37607395;331245231;3393840388;
37607395;3393840388;440825600;
37607395;440825600;440825601;
37607395;440825601;440825602;
37607390;440825602;440825604;
37607390;440825604;440825603;
37607390;440825603;3393840387;
37607390;3393840387;331233424;
313248685;3191542384;3191542381;
313248686;3191542382;3191542379;
313248687;3191542380;3191542377;
313248688;3191542383;3191542381;
313248688;3191542381;3191542379;
313248688;3191542379;3191542377;
313248688;3191542377;3191542376;
313248688;3191542376;3191542378;
313248688;3191542378;302680241;
313248689;3001144095;3001144092;
313248689;3001144092;3001144088;
313248689;3001144088;3001144086;
313248689;3001144086;3001144085;
313248689;3001144085;3001144084;
313248689;3001144084;3001144082;
313248689;3001144082;3001144083;
313251017;3191571414;3191571413;
313251017;3191571413;3191571411;
313251017;3191571411;3191571409;
313251017;3191571409;331232122;
313251017;331232122;3191571407;
313251017;3191571407;3191571408;
313251017;3191571408;3191571410;
313251017;3191571410;3191571412;
313251017;3191571412;493389208;
313251017;493389208;3191571414;
313251019;3191571414;3203082472;
313251018;3191571407;286528414;
313251018;286528414;331247383;
313251018;331247383;2358444313;
313253355;3001185057;3191598930;
313253355;3191598930;3191598931;
313253355;3191598931;3054039960;
313253356;3191599376;3191599377;
313253356;3191599377;3191599380;
313253356;3191599380;3191599382;
313253357;3001185055;3191598923;
313253357;3191598923;3191598927;
313253357;3191598927;736298868;
313253358;3001185052;3191598913;
313253358;3191598913;3191598914;
313253358;3191598914;3191598915;
313253359;3191598956;3191598958;
313253359;3191598958;3191599365;
313253359;3191599365;3191599369;
313253360;3191598944;3191598945;
313253360;3191598945;3191598947;
313253360;3191598947;3191598949;
313253360;3191598949;3054025624;
313253361;3191598942;3191598940;
313253361;3191598940;3191598938;
313253361;3191598938;3191598936;
313253361;3191598936;3191598934;
313253361;3191598934;3191598932;
313253362;3191598955;3191598954;
313253362;3191598954;3191598953;
313253362;3191598953;3191598952;
313253362;3191598952;3191598951;
313253362;3191598951;3191598950;
313253367;736298868;3191598929;
313253367;3191598929;3191598928;
313253367;3191598928;3191598926;
313253367;3191598926;3191598919;
313253367;3191598919;3191598924;
313253367;3191598924;3191598925;
313253367;3191598925;3191598922;
313253367;3191598922;3191598920;
313253367;3191598920;3191598918;
313253367;3191598918;3191598916;
313253367;3191598916;3191598915;
313253368;3054039960;3191598933;
313253368;3191598933;2210908318;
313253368;2210908318;2210908319;
313253368;2210908319;2210908317;
313253368;2210908317;2210908314;
313253368;2210908314;2210908313;
313253368;2210908313;2210908311;
313253368;2210908311;2210908310;
313253368;2210908310;2210908306;
313253368;2210908306;2210908300;
313253368;2210908300;2210908301;
313253368;2210908301;2358444276;
313253368;2358444276;2210908303;
313253368;2210908303;2210908305;
313253368;2210908305;2210908302;
313253368;2210908302;2210908299;
313253368;2210908299;2358444311;
313253368;2358444311;2210908297;
313253368;2210908297;2210908296;
313253368;2210908296;2210908295;
313253368;2210908295;2210908293;
313253368;2210908293;2210908292;
313253368;2210908292;2210908290;
313253368;2210908290;1524453547;
313253368;1524453547;2210908285;
313253368;2210908285;2210908283;
313253368;2210908283;2210908281;
313253368;2210908281;2210908279;
313253368;2210908279;2210908277;
313253368;2210908277;2210908275;
313253368;2210908275;2210908273;
313253368;2210908273;2210908270;
313253368;2210908270;2210908269;
313253368;2210908269;2210908268;
313253368;2210908268;2210908266;
313253368;2210908266;2210908265;
313253369;3191599369;3191599370;
313253369;3191599370;3191599372;
313253369;3191599372;3191599374;
313253370;3191598906;3191598907;
313253370;3191598907;3191598908;
313253370;3191598908;3191598910;
313253370;3191598910;3191598909;
313253370;3191598909;3001193078;
313253371;3191599382;3191599383;
313253371;3191599383;3191599387;
313253371;3191599387;3191599393;
313253371;3191599393;3191599396;
313253371;3191599396;3191599400;
313253371;3191599400;3191599397;
313253371;3191599397;3191599386;
313253371;3191599386;3191599396;
211081909;2210908307;2210908304;
211081909;2210908304;2210908308;
211081909;2210908308;2210908315;
211081909;2210908315;2210908316;
211081909;2210908316;3191598935;
211081909;3191598935;2210908312;
211081909;2210908312;3191598932;
313254345;1112862092;3191617439;
313254346;3191599401;3191617434;
313254346;3191617434;3191617435;
313254346;3191617435;3191617438;
313254346;3191617438;3191617437;
313254346;3191617437;3191617436;
313254347;3191617439;3191617443;
313254347;3191617443;3191617449;
313254347;3191617449;3191617450;
313254347;3191617450;3191617452;
313254347;3191617452;3191599403;
313254348;1112862092;1112862103;
313254348;1112862103;1589527771;
313254348;1589527771;1112862053;
313254348;1112862053;1112862059;
313254348;1112862059;1112862027;
313254348;1112862027;1112862043;
313254349;3191617439;3191617442;
313254349;3191617442;3191617445;
313254349;3191617445;3191617446;
313254349;3191617446;3191617447;
313254349;3191617447;3191599402;
313254349;3191599402;3191617444;
313254349;3191617444;3191617441;
313254842;3191636074;3191636075;
313254842;3191636075;1859974563;
313254842;1859974563;1859974564;
313254842;1859974564;1859974567;
313254842;1859974567;1859974566;
313254842;1859974566;1859974565;
313254842;1859974565;1589527771;
175405710;3191598950;3191636074;
175405709;1768815570;1859974562;
175405709;1859974562;1859974561;
175405709;1859974561;3191598948;
175405709;3191598948;3191636073;
175405709;3191636073;3191636074;
314260770;3203082474;3203082473;
314260770;3203082473;3203082471;
314260770;3203082471;3203082469;
314260770;3203082469;3203082467;
314260770;3203082467;286528413;
314260770;286528413;3203082468;
314260770;3203082468;3203082470;
314260770;3203082470;3203082472;
314260770;3203082472;1481520649;
314260770;1481520649;3203082474;
314260772;286528413;1930164829;
314260772;1930164829;3191571409;
314260771;3203082474;3051503885;
314260771;3051503885;3051503883;
314260773;3051503884;3191571416;
314260773;3191571416;286528412;
314260773;286528412;3203082469;
106703127;440825618;1227280310;
106703127;1227280310;1859067520;
106703127;1859067520;1227278315;
106703127;1227278315;1227276520;
106703127;1227276520;1227277240;
106703127;1227277240;1227276244;
106703127;1227276244;1227284764;
106703127;1227284764;1227283509;
106703127;1227283509;1481520642;
106703127;1481520642;1227276835;
106703127;1227276835;1227276071;
106703127;1227276071;1227284617;
106703127;1227284617;1227283238;
106703127;1227283238;3054014972;
106703127;3054014972;1227283897;
106703127;1227283897;1227282603;
106703127;1227282603;1227280706;
106703127;1227280706;613536337;
